113	
D
5# 500
3# 250
4# 250
5# 500
3# 250
4# 250
5# 250
5 250
6 250
7 250
1# 250
2# 250
3# 250
4# 250
3# 500
1# 250
2# 250
3# 500
3 250
4 250
5 250
6 250
5 250
4 250
5 250
3 250
4 250
5 250
4 500
6 250
5 250
4 500
3 250
2 250
3 250
2 250
1 250
2 250
3 250
4 250
5 250
6 250
4 500
6 250
5 250
6 500
7 250
1# 250
5 250
6 250
7 250
1# 250
2# 250
3# 250
4# 250
5# 250
3# 500
1# 250
2# 250
3# 500
2# 250
1# 250
2# 250
7 250
1# 250
2# 250
3# 250
2# 250
1# 250
7 250
1# 500
6 250
7 250
1# 500
1 250
2 250
3 250
4 250
3 250
2 250
3 250
1# 250
7 250
1# 250
6 500
1# 250
7 250
6 500
5 250
4 250
5 250
4 250
3 250
4 250
5 250
6 250
7 250
1 250
6 500
1# 250
7 250
1# 500
7 250
6 250
7 250
1# 250
2# 250
1# 250
7 250
1# 250
6 250
7 250
